new
0.6897289 0.6392509 0.07482612
0.9962227 0.744127 0.4331418
0.9014275 0.2167264 0.1630305
0.6202957 0.04425025 0.1016359
new
0.9930404 0.5009943 0.8338981
0.1857309 0.8564553 0.7025521
0.3998957 0.1461703 0.8416883
0.8633147 0.08330894 0.1623181
new
0.23774 0.3284084 0.2417047
0.8773395 0.1981391 0.7991681
0.3711478 0.7182169 0.4616521
0.2398232 0.9486903 0.1190885
new
0.835058 0.1341194 0.7585522
0.5244724 0.07366204 0.9612991
0.5720661 0.8029456 0.6299227
0.04635906 0.4757996 0.8962853
new
0.3077217 0.363753 0.7800162
0.8051441 0.008434296 0.5230593
0.8079392 0.2232407 0.8879205
0.5838692 0.5496045 0.570965
new
0.8296542 0.1456863 0.616692
0.1462396 0.8623289 0.1557292
0.2182121 0.9383905 0.4798473
0.5397033 0.5356323 0.4791475
